{
 "cells": [
  {
   "cell_type": "code",
   "execution_count": 11,
   "metadata": {},
   "outputs": [],
   "source": [
    "import tool\n",
    "\n",
    "import scipy, random\n",
    "import pandas as pd\n",
    "import numpy as np\n",
    "from collections import defaultdict\n",
    "\n",
    "%matplotlib widget\n",
    "import matplotlib.pyplot as plt\n",
    "from ipywidgets import interact, fixed, IntSlider\n",
    "\n",
    "import warnings\n",
    "warnings.filterwarnings('ignore')"
   ]
  },
  {
   "cell_type": "code",
   "execution_count": 12,
   "metadata": {},
   "outputs": [],
   "source": [
    "\"\"\"\n",
    "Data import\n",
    "\"\"\"\n",
    "asset_index = pd.read_csv(\"data/aidx_eod_prices.csv\")\n",
    "\n",
    "# data sorting/longer than 800 days\n",
    "grouped_asset = asset_index.groupby(\"S_IRDCODE\")\n",
    "asset_dfs = {ird_code: group for ird_code, group in grouped_asset if len(group) >= 800}\n",
    "for ird_code, grouped_df in asset_dfs.items():\n",
    "    grouped_df['TRADE_DT'] = pd.to_datetime(grouped_df['TRADE_DT'], format='%Y%m%d')\n",
    "    grouped_df.sort_values(by='TRADE_DT', inplace=True)"
   ]
  },
  {
   "cell_type": "code",
   "execution_count": 13,
   "metadata": {},
   "outputs": [],
   "source": [
    "\"\"\"\n",
    "Parameters\n",
    "\"\"\"\n",
    "\n",
    "BACKTEST_DAY = 30 # lookback period (not used)\n",
    "TARGET_RETURN = 0.0 # target return\n",
    "RISK_FREE_RATE = 0.02 # risk-free rate\n",
    "\n",
    "NUM_ITERATION = 100 # test amounts\n",
    "NUM_LIMIT = (5,10) # assets amount limitation range\n",
    "CORR_LIMIT = 0.5 # assets' correlation limiation\n",
    "\n",
    "REBALANCE_DAYS = [90, 120, 150, 180, 210, 240, 270, 300] # rebalancing days test\n",
    "MODEL_TYPES = ['MVO', 'RP', 'BL', 'RB'] # test models\n",
    "MODEL_TYPES = ['RP', 'RB']"
   ]
  },
  {
   "cell_type": "code",
   "execution_count": 14,
   "metadata": {},
   "outputs": [],
   "source": [
    "\"\"\"\n",
    "Model rebalancing function\n",
    "\"\"\"\n",
    "\n",
    "def rebalance(asset_index, rebalance_day, weight_constraints, model_type):\n",
    "    predicts = []\n",
    "    actuals = []\n",
    "    realities = []\n",
    "    \n",
    "    for i in range(rebalance_day, len(asset_index), rebalance_day):\n",
    "        \n",
    "        if i+rebalance_day >= len(asset_index):\n",
    "            break\n",
    "        \n",
    "        historical_data = asset_index[i-rebalance_day:i]\n",
    "        future_data = asset_index[i:i+rebalance_day]\n",
    "        \n",
    "        predict, actual = tool.evaluate(historical_data, future_data, weight_constraints, model_type, TARGET_RETURN, RISK_FREE_RATE)\n",
    "        predicts.append(predict)\n",
    "        actuals.append(actual)\n",
    "        \n",
    "        # equally weighed\n",
    "        reality = tool.check([1 / len(asset_index.columns) for _ in range(len(asset_index.columns))], future_data, RISK_FREE_RATE)\n",
    "        realities.append(reality)\n",
    "    \n",
    "    return predicts, actuals, realities"
   ]
  },
  {
   "cell_type": "code",
   "execution_count": 15,
   "metadata": {},
   "outputs": [],
   "source": [
    "\"\"\"\n",
    "Asset sampling\n",
    "\"\"\"\n",
    "\n",
    "def sample(num_limit, asset_dfs, corr_limit):\n",
    "    index_list = random.sample(list(asset_dfs.keys()), num_limit)\n",
    "    \n",
    "    def is_non_related(index_list):\n",
    "        for i in range(0, len(index_list)):\n",
    "            for j in range(i+1, len(index_list)):\n",
    "                i_df = asset_dfs[index_list[i]]\n",
    "                j_df = asset_dfs[index_list[j]]\n",
    "                min_length = min(len(i_df['PCHG']), len(j_df['PCHG']))\n",
    "                corr, _ = scipy.stats.spearmanr(i_df['PCHG'].iloc[:min_length], j_df['PCHG'].iloc[:min_length])\n",
    "                if corr > corr_limit:\n",
    "                    return False\n",
    "        return True\n",
    "    \n",
    "    while is_non_related(index_list) == False:\n",
    "        index_list = random.sample(list(asset_dfs.keys()), num_limit)\n",
    "    \n",
    "    return index_list"
   ]
  },
  {
   "cell_type": "code",
   "execution_count": 16,
   "metadata": {},
   "outputs": [],
   "source": [
    "\"\"\"\n",
    "Different Models with the same assets (randomly generated) and different rebalancing days\n",
    "\"\"\"\n",
    "\n",
    "def asset_rebalance(asset, num_limit, model_types, rebalancing_days, asset_dfs, corr_limit):\n",
    "    \n",
    "    asset_index = asset.copy()\n",
    "    \n",
    "    # randomly select assets\n",
    "    actual_num_limit = np.random.randint(*num_limit)\n",
    "    index_list = sample(actual_num_limit, asset_dfs, corr_limit)\n",
    "    asset_index['TRADE_DT'] = pd.to_datetime(asset_index['TRADE_DT'], format='%Y%m%d')\n",
    "    asset_index.sort_values(by='TRADE_DT', inplace=True)\n",
    "    asset_index.set_index('TRADE_DT', inplace=True)\n",
    "    asset_index = asset_index.pivot(columns='S_IRDCODE', values='CLOSE').ffill()[index_list].dropna()\n",
    "    \n",
    "    # weight constraints\n",
    "    n = len(index_list)\n",
    "    index_min_weight = [0 for _ in range(n)]\n",
    "    index_max_weight = [1 for _ in range(n)]\n",
    "    weight_constraints = list(zip(index_min_weight, index_max_weight))\n",
    "    \n",
    "    # start iteration\n",
    "    results = {}\n",
    "    for model_type in model_types:\n",
    "        for rebalance_day in rebalancing_days:\n",
    "            _, actuals, realities = rebalance(asset_index, rebalance_day, weight_constraints, model_type)\n",
    "            results[(model_type, rebalance_day)] = list(zip(*actuals))\n",
    "            results[('EW', rebalance_day)] = list(zip(*realities))\n",
    "    \n",
    "    return results\n",
    "\n",
    "# results = asset_rebalance(asset_index, 5, MODEL_TYPES, [300, 600], asset_dfs, CORR_LIMIT)\n",
    "# results = dict(sorted(results.items(), key=lambda item: item[0][1]))\n",
    "# print(results)"
   ]
  },
  {
   "cell_type": "code",
   "execution_count": 17,
   "metadata": {},
   "outputs": [],
   "source": [
    "\"\"\"\n",
    "Calculate the average for one assets combination with each (model, rebalance_day)\n",
    "\"\"\"\n",
    "\n",
    "def calculate_averages(data, exclude_model='EW'):\n",
    "    grouped_data = defaultdict(dict)\n",
    "\n",
    "    # Group data by the second key of the tuple\n",
    "    for (model, period), values in data.items():\n",
    "        grouped_data[period][model] = values\n",
    "\n",
    "    results = {}\n",
    "\n",
    "    # Perform division and calculate averages\n",
    "    for period, models in grouped_data.items():\n",
    "        ew_values = models.get(exclude_model)\n",
    "        if ew_values is None:\n",
    "            continue  # Skip if 'EW' data is not present\n",
    "\n",
    "        for model, values in models.items():\n",
    "            if model != exclude_model:\n",
    "                modified_values = []\n",
    "                for index, (value, ew_value) in enumerate(zip(values, ew_values)):\n",
    "                    if index == 0:  # For the first set, use subtraction\n",
    "                        result = [v - ew for v, ew in zip(value, ew_value)]\n",
    "                    else:  # For the other sets, use division\n",
    "                        result = [v / ew if ew != 0 else 0 for v, ew in zip(value, ew_value)]\n",
    "                    modified_values.append(result)\n",
    "                    \n",
    "                averages = [sum(value) / len(value) for value in modified_values]\n",
    "                results[(model, period)] = averages\n",
    "\n",
    "    return results\n",
    "\n",
    "# t = calculate_averages(results)\n",
    "# print(t)"
   ]
  },
  {
   "cell_type": "code",
   "execution_count": 18,
   "metadata": {},
   "outputs": [
    {
     "name": "stdout",
     "output_type": "stream",
     "text": [
      "['h20186.CSI', '000693CNY02.SH', '931780.CSI', '931112.CSI', '931660.CSI', '930960.CSI', '931897CNY01.CSI']\n",
      "[0.13329648 0.15013949 0.1372426  0.13427587 0.15376731 0.14399668\n",
      " 0.14728157]\n",
      "[0.12950428 0.12650857 0.16520015 0.11238771 0.19763229 0.1347567\n",
      " 0.13401031]\n",
      "[0.13489225 0.14041588 0.17477735 0.129275   0.15678892 0.146704\n",
      " 0.11714659]\n",
      "[0.14129877 0.13726388 0.13357915 0.10248313 0.17532111 0.12736555\n",
      " 0.1826884 ]\n",
      "[0.14741976 0.1621304  0.1192746  0.09436012 0.20154798 0.1279733\n",
      " 0.14729384]\n",
      "[0.19583132 0.15957366 0.14918633 0.09954119 0.17383022 0.10966881\n",
      " 0.11236847]\n",
      "[0.12460022 0.1340403  0.12780008 0.11685592 0.23962507 0.13807379\n",
      " 0.11900462]\n",
      "[0.15585064 0.17194535 0.12582481 0.09740806 0.20079905 0.12748988\n",
      " 0.12068222]\n",
      "[0.11084733 0.17055993 0.10515875 0.08557628 0.28160356 0.11070619\n",
      " 0.13554795]\n",
      "[0.10702929 0.15152684 0.12435289 0.09869947 0.24660565 0.1195238\n",
      " 0.15226205]\n",
      "[0.13481392 0.15009876 0.14145426 0.13167339 0.15266332 0.14222439\n",
      " 0.14707195]\n",
      "[0.12452971 0.12393217 0.17308158 0.12314045 0.19191751 0.14415549\n",
      " 0.11924308]\n",
      "[0.13716823 0.13325896 0.13161007 0.09977023 0.20515099 0.12996253\n",
      " 0.16307898]\n",
      "[0.16889231 0.16073887 0.12549744 0.09498678 0.19157609 0.12182366\n",
      " 0.13648485]\n",
      "[0.13491364 0.15360842 0.13446094 0.11769155 0.19155495 0.14129819\n",
      " 0.12647232]\n",
      "[0.14029371 0.14363197 0.12433742 0.1002998  0.2497665  0.12429826\n",
      " 0.11737234]\n",
      "[0.11270238 0.17025187 0.1136594  0.09120668 0.25882073 0.11382578\n",
      " 0.13953317]\n",
      "[0.13614736 0.14475607 0.15138526 0.12769067 0.15939354 0.14034402\n",
      " 0.14028309]\n",
      "[0.13822986 0.1367657  0.15899806 0.12087069 0.16079934 0.14733467\n",
      " 0.13700168]\n",
      "[0.13850525 0.15127054 0.12169987 0.0964368  0.20711284 0.12530516\n",
      " 0.15966955]\n",
      "[0.14706373 0.14913936 0.13249396 0.11045026 0.20456042 0.13202706\n",
      " 0.12426521]\n",
      "[0.12561924 0.14541498 0.11621675 0.09611237 0.27789546 0.11909292\n",
      " 0.11964828]\n",
      "[0.13673124 0.14204219 0.15163293 0.12609618 0.16047993 0.14011151\n",
      " 0.14290602]\n",
      "[0.13778842 0.14035982 0.14724656 0.11174261 0.16821465 0.13645323\n",
      " 0.15819471]\n",
      "[0.17073953 0.16165557 0.12750787 0.09632021 0.19316008 0.12042416\n",
      " 0.13019257]\n",
      "[0.1326342  0.14935016 0.12746779 0.11031858 0.22392007 0.13618755\n",
      " 0.12012164]\n",
      "[0.13754993 0.1412872  0.15120498 0.1290179  0.16009242 0.13981284\n",
      " 0.14103472]\n",
      "[0.13524094 0.15484218 0.1377039  0.10021017 0.18201427 0.13064729\n",
      " 0.15934127]\n",
      "[0.14696533 0.13871413 0.13122872 0.10815621 0.22127234 0.12843969\n",
      " 0.12522357]\n",
      "[0.13760874 0.14136192 0.15718605 0.12760037 0.15638105 0.14102273\n",
      " 0.13883913]\n",
      "[0.15268008 0.1495072  0.12844838 0.09706948 0.20031499 0.12468834\n",
      " 0.14729153]\n",
      "[0.13579909 0.15021136 0.12889414 0.10938154 0.22006384 0.13378601\n",
      " 0.12186401]\n",
      "[0.13787416 0.14029477 0.15626156 0.12593696 0.1580394  0.14110771\n",
      " 0.14048544]\n",
      "[0.16024006 0.15604114 0.12886791 0.09804062 0.19051439 0.12178946\n",
      " 0.14450641]\n",
      "[0.139807   0.13921857 0.15816016 0.1248624  0.1547607  0.14185805\n",
      " 0.14133312]\n",
      "[0.14486736 0.15082913 0.12870319 0.10449227 0.20481944 0.12984919\n",
      " 0.13643942]\n",
      "['L11640.CSI', '931719.CSI', '932053.CSI', 'h20391.CSI', 'L01211.CSI', 'h20932.CSI', '932024.CSI', '483035.CNI', 'h21044.CSI']\n",
      "[0.1629382  0.1001999  0.09261173 0.08951921 0.10514873 0.14229636\n",
      " 0.09669966 0.11337666 0.09720955]\n",
      "[0.15458593 0.10605183 0.096894   0.09218226 0.10229946 0.13899617\n",
      " 0.09755669 0.11455098 0.09688268]\n",
      "[0.14061203 0.10472913 0.0906399  0.09563681 0.11921297 0.14806621\n",
      " 0.09372854 0.11393002 0.09344438]\n",
      "[0.11607086 0.10499519 0.10239984 0.1024037  0.12387565 0.12643301\n",
      " 0.1014523  0.11753772 0.10483173]\n",
      "[0.11889129 0.11285254 0.10531597 0.1066646  0.11191843 0.11830976\n",
      " 0.10794271 0.11149842 0.10660629]\n",
      "[0.11432028 0.11219861 0.11191176 0.10644992 0.1089604  0.11946875\n",
      " 0.1088565  0.11156455 0.10626923]\n",
      "[0.11759976 0.10995276 0.10776628 0.10532769 0.11277207 0.11925941\n",
      " 0.10680007 0.11475967 0.10576229]\n",
      "[0.12273676 0.11244033 0.10331181 0.10354212 0.1128254  0.11787596\n",
      " 0.11072379 0.11359507 0.10294876]\n",
      "[0.11817613 0.11048767 0.10207976 0.10718863 0.10942853 0.13515179\n",
      " 0.10195502 0.11620256 0.0993299 ]\n",
      "[0.11888914 0.11183947 0.10914632 0.1098677  0.1107995  0.11046276\n",
      " 0.10977249 0.11464304 0.10457958]\n",
      "[0.11577574 0.10890848 0.1024435  0.11019628 0.10970142 0.12860536\n",
      " 0.10170549 0.11861327 0.10405046]\n",
      "[0.10538948 0.10725203 0.11236588 0.10354967 0.10384775 0.15124367\n",
      " 0.09798031 0.1144657  0.10390551]\n",
      "[0.10730604 0.10072401 0.16240613 0.09424867 0.1139032  0.12810169\n",
      " 0.09722636 0.09937556 0.09670835]\n",
      "[0.11479545 0.12177142 0.1226787  0.0940689  0.1141307  0.12127354\n",
      " 0.10272457 0.10715318 0.10140354]\n",
      "[0.12034214 0.11706457 0.10983787 0.09702247 0.10915497 0.14183849\n",
      " 0.09133483 0.10109113 0.11231352]\n",
      "[0.1118716  0.11455407 0.11188607 0.10786865 0.10774198 0.11703771\n",
      " 0.10903335 0.11086294 0.10914364]\n",
      "[0.11047382 0.13015903 0.10365608 0.10086589 0.10620949 0.12386406\n",
      " 0.10720282 0.11014659 0.10742222]\n",
      "[0.11839278 0.15310115 0.10634343 0.09828393 0.09871356 0.10427193\n",
      " 0.10934446 0.11062857 0.10092019]\n",
      "[0.12148956 0.11561717 0.11410206 0.10025976 0.09844142 0.13562994\n",
      " 0.1087949  0.10301697 0.10264822]\n",
      "[0.1773468  0.09960033 0.09348002 0.08723895 0.09844657 0.1374752\n",
      " 0.09470284 0.11605136 0.09565792]\n",
      "[0.14596865 0.10383558 0.09083678 0.09726036 0.11312941 0.1471064\n",
      " 0.0962286  0.11111178 0.09452244]\n",
      "[0.1163005  0.10593159 0.10218348 0.10131152 0.12311048 0.12646049\n",
      " 0.1024555  0.1181992  0.10404724]\n",
      "[0.11781479 0.11036842 0.1070078  0.10732008 0.11073306 0.12101715\n",
      " 0.10789204 0.1114314  0.10641526]\n",
      "[0.11513683 0.11352618 0.10924305 0.1054126  0.11299664 0.11731888\n",
      " 0.10748484 0.11363993 0.10524106]\n",
      "[0.12083837 0.11026439 0.10617057 0.1040798  0.11143751 0.12025371\n",
      " 0.1093656  0.11318945 0.10440061]\n",
      "[0.11815174 0.10977842 0.10543953 0.1092619  0.1113799  0.12272213\n",
      " 0.1048246  0.11464512 0.10379666]\n",
      "[0.11905009 0.11023983 0.10396373 0.11026786 0.11069291 0.11941243\n",
      " 0.10525732 0.11950113 0.1016147 ]\n",
      "[0.10649204 0.10882198 0.10942526 0.10271111 0.10577565 0.15014561\n",
      " 0.09878711 0.11236638 0.10547486]\n",
      "[0.11105852 0.1056305  0.14442546 0.09766579 0.11385582 0.1256326\n",
      " 0.09970005 0.10315552 0.09887574]\n",
      "[0.12255745 0.12782708 0.11772709 0.09353733 0.11116155 0.12509811\n",
      " 0.09569384 0.10504468 0.10135287]\n",
      "[0.10994918 0.114653   0.11281502 0.10642345 0.10974445 0.11929561\n",
      " 0.1077744  0.10902878 0.1103161 ]\n",
      "[0.1141568  0.13638252 0.1023402  0.10043514 0.10417105 0.11885364\n",
      " 0.10751756 0.1081037  0.10803939]\n",
      "[0.11188287 0.12883112 0.11156319 0.10207296 0.09857954 0.12463569\n",
      " 0.11147579 0.11122152 0.09973732]\n",
      "[0.1631319  0.10567388 0.09445993 0.09018211 0.10532521 0.13765606\n",
      " 0.09473157 0.11104215 0.09779721]\n",
      "[0.12958337 0.1067337  0.09598682 0.09891513 0.12561556 0.12982314\n",
      " 0.10228927 0.11172453 0.09932848]\n",
      "[0.11778746 0.11132911 0.10480799 0.10505669 0.11225123 0.12150706\n",
      " 0.10577788 0.11525187 0.10623072]\n",
      "[0.11495935 0.11178801 0.10979169 0.10608538 0.11155704 0.1201104\n",
      " 0.10767873 0.11235546 0.10567394]\n",
      "[0.12026629 0.11090822 0.10529704 0.10362892 0.11025134 0.11943318\n",
      " 0.1092208  0.11670685 0.10428736]\n",
      "[0.11853079 0.11075691 0.10797917 0.10941866 0.1115128  0.11832423\n",
      " 0.10686223 0.11375198 0.10286323]\n",
      "[0.11386075 0.11298196 0.10152851 0.10772832 0.10933146 0.13141057\n",
      " 0.10075307 0.11857054 0.10383482]\n",
      "[0.10878651 0.10419366 0.14379126 0.09841182 0.11167642 0.1314035\n",
      " 0.09864108 0.10410579 0.09898996]\n",
      "[0.11635113 0.12493856 0.11506636 0.09328473 0.11468798 0.13099834\n",
      " 0.09522206 0.10360847 0.10584237]\n",
      "[0.11226937 0.1192292  0.10957413 0.10738599 0.10697965 0.11561117\n",
      " 0.10861206 0.11230682 0.10803162]\n",
      "[0.11539598 0.13671959 0.10446827 0.09999144 0.10339415 0.11706795\n",
      " 0.10919027 0.10862032 0.10515203]\n",
      "[0.15976387 0.1035658  0.09523636 0.09122118 0.10362511 0.13863741\n",
      " 0.09726313 0.11382915 0.096858  ]\n",
      "[0.12274682 0.10613232 0.09877442 0.10002176 0.12225089 0.13133993\n",
      " 0.10085745 0.11642515 0.10145126]\n",
      "[0.116458   0.1122311  0.10858062 0.10647558 0.11054316 0.11911997\n",
      " 0.10828909 0.112189   0.10611348]\n",
      "[0.11890896 0.11039653 0.10645044 0.10474395 0.11262116 0.11971634\n",
      " 0.10803434 0.11438345 0.10474481]\n",
      "[0.11905265 0.11131401 0.10729254 0.10865858 0.11092373 0.11803158\n",
      " 0.10695549 0.11488656 0.10288485]\n",
      "[0.11200845 0.11039113 0.10580198 0.10744886 0.10827677 0.13450198\n",
      " 0.10038696 0.11752512 0.10365876]\n",
      "[0.1112514  0.11147055 0.14173427 0.09559416 0.11432562 0.12497705\n",
      " 0.09913504 0.10348693 0.09802499]\n",
      "[0.11379196 0.11628277 0.1124945  0.1057829  0.10817405 0.12091357\n",
      " 0.10462426 0.10889386 0.10904212]\n",
      "[0.11292172 0.13695496 0.10424905 0.10045515 0.1039094  0.1174682\n",
      " 0.10840508 0.1096874  0.10594905]\n",
      "[0.16737259 0.10284748 0.09230896 0.09222877 0.10260958 0.13589888\n",
      " 0.09536914 0.11690114 0.09446345]\n",
      "[0.11893528 0.10930006 0.10196306 0.10242572 0.11670955 0.1275857\n",
      " 0.10410679 0.11406272 0.10491113]\n",
      "[0.11595327 0.11130624 0.1093136  0.10593316 0.11144941 0.11946221\n",
      " 0.10765677 0.11327059 0.10565474]\n",
      "[0.11968566 0.11093747 0.10471443 0.10733717 0.11187875 0.12124445\n",
      " 0.1063149  0.11429635 0.10359081]\n",
      "[0.11583692 0.11351983 0.10309617 0.10757792 0.11017382 0.12587968\n",
      " 0.1032661  0.11747696 0.1031726 ]\n",
      "[0.10947964 0.10966688 0.14165803 0.09665552 0.11241646 0.12919098\n",
      " 0.09838498 0.10426891 0.09827862]\n",
      "[0.1135274  0.11810823 0.11140603 0.1054402  0.10871629 0.12017162\n",
      " 0.10476469 0.10902197 0.10884357]\n",
      "[0.15776732 0.10222127 0.09232881 0.09275676 0.10794721 0.14348915\n",
      " 0.09562059 0.11291613 0.09495275]\n",
      "[0.1168131  0.11016576 0.10523943 0.10522667 0.11434082 0.12326475\n",
      " 0.10597389 0.11316076 0.10581482]\n",
      "[0.11752275 0.1118869  0.10800668 0.10476861 0.11210764 0.11826824\n",
      " 0.10832067 0.11437298 0.10474554]\n",
      "[0.11814139 0.11021135 0.10531436 0.1096686  0.11045    0.12146153\n",
      " 0.10522803 0.11708719 0.10243753]\n",
      "[0.10856504 0.10657362 0.13053778 0.09963169 0.11118033 0.13691382\n",
      " 0.09896221 0.10643983 0.10119566]\n",
      "[0.11411599 0.11964243 0.11320531 0.1025289  0.1112572  0.12019545\n",
      " 0.10308986 0.10936631 0.10659855]\n",
      "[0.15113585 0.10401742 0.0936274  0.09314529 0.10884676 0.14246987\n",
      " 0.09693435 0.1144907  0.09533236]\n",
      "[0.11605882 0.11136302 0.10696196 0.10540965 0.11337761 0.12119615\n",
      " 0.10646412 0.11319791 0.10597077]\n",
      "[0.11847689 0.11127856 0.10508322 0.1050854  0.11180949 0.12310835\n",
      " 0.10620279 0.1155669  0.1033884 ]\n",
      "[0.11471448 0.11080559 0.10728658 0.10812597 0.10942977 0.12577788\n",
      " 0.10369709 0.11632355 0.1038391 ]\n",
      "[0.11292724 0.11285457 0.13426038 0.09638159 0.11327021 0.12896722\n",
      " 0.09768087 0.10300241 0.10065551]\n",
      "[0.13970047 0.10667494 0.09697904 0.09606437 0.11844072 0.13206918\n",
      " 0.09956384 0.11176413 0.09874331]\n",
      "[0.11647235 0.11137157 0.10739162 0.10579051 0.11166549 0.12028946\n",
      " 0.10663994 0.11484564 0.10553342]\n",
      "[0.11940375 0.11157584 0.1065246  0.10658837 0.11099658 0.11853477\n",
      " 0.10765752 0.11522053 0.10349803]\n",
      "[0.11131437 0.10848723 0.12001015 0.10309553 0.11158845 0.13353599\n",
      " 0.0998956  0.11082475 0.10124793]\n",
      "[0.1139509  0.12158025 0.11113897 0.10291634 0.1101723  0.11912003\n",
      " 0.10380604 0.11063707 0.10667809]\n",
      "['h20965.CSI', 'h30459.CSI', '000844.SH', '931899CNY01.CSI', 'L11171.CSI', '931529.CSI', '931497HKD.CSI', '483053.CNI']\n",
      "[0.14098942 0.10263144 0.11142995 0.19172604 0.10750663 0.10638233\n",
      " 0.10207411 0.13726008]\n",
      "[0.15343797 0.10392616 0.13517218 0.1540662  0.10440565 0.11871569\n",
      " 0.10763385 0.12264231]\n",
      "[0.13046283 0.11936219 0.14023555 0.13906712 0.12422776 0.11573375\n",
      " 0.10706512 0.12384567]\n",
      "[0.12012671 0.11200777 0.1147004  0.18192434 0.12073808 0.12355155\n",
      " 0.10648899 0.12046217]\n",
      "[0.13368119 0.11545864 0.11237739 0.16455657 0.11479894 0.12255318\n",
      " 0.1087884  0.12778568]\n",
      "[0.12229245 0.11319678 0.11345121 0.18108005 0.11614973 0.12082884\n",
      " 0.11293512 0.12006581]\n",
      "[0.1412872  0.11605533 0.11530642 0.14765335 0.11639336 0.12580824\n",
      " 0.11124823 0.12624787]\n",
      "[0.14013186 0.11226402 0.11166322 0.16585708 0.11915121 0.11915072\n",
      " 0.10663429 0.12514759]\n",
      "[0.1549702  0.10665671 0.10334095 0.20461476 0.11184797 0.10981101\n",
      " 0.09596478 0.11279363]\n",
      "[0.12636032 0.1173628  0.11655588 0.14297293 0.11971839 0.13623468\n",
      " 0.11398958 0.12680541]\n",
      "[0.14594992 0.11229708 0.1097002  0.17725353 0.11269658 0.11263313\n",
      " 0.10550904 0.12396052]\n",
      "[0.14250045 0.10962587 0.11627028 0.14649607 0.11109031 0.12367257\n",
      " 0.10603722 0.14430724]\n",
      "[0.10970145 0.11813013 0.11802225 0.16730568 0.11720863 0.13132174\n",
      " 0.10556344 0.13274668]\n",
      "[0.11979918 0.11302241 0.14280741 0.16088368 0.11218092 0.14339959\n",
      " 0.09664038 0.11126645]\n",
      "[0.12006844 0.12239596 0.12012555 0.1567046  0.12470593 0.12215606\n",
      " 0.09800097 0.13584249]\n",
      "[0.11694861 0.11933478 0.11429978 0.1755556  0.1219803  0.12818702\n",
      " 0.10922207 0.11447184]\n",
      "[0.10794584 0.111279   0.11407405 0.1983344  0.11357013 0.14086149\n",
      " 0.10116585 0.11276923]\n",
      "[0.12131305 0.1132149  0.11321175 0.16616659 0.11506237 0.15211706\n",
      " 0.10443177 0.1144825 ]\n",
      "[0.14172774 0.1187833  0.11177629 0.15381219 0.11869787 0.13886348\n",
      " 0.1037789  0.11256023]\n",
      "[0.15040362 0.10314663 0.12521602 0.17316655 0.10641279 0.10792456\n",
      " 0.10393763 0.12979219]\n",
      "[0.13830154 0.11625747 0.13717576 0.14375547 0.1181338  0.11240971\n",
      " 0.10625773 0.12770852]\n",
      "[0.12119908 0.11168644 0.1181159  0.17666117 0.11986446 0.12567218\n",
      " 0.10729098 0.11950979]\n",
      "[0.12783827 0.1135341  0.11215668 0.17792474 0.11365368 0.12102512\n",
      " 0.11014674 0.12372068]\n",
      "[0.13362767 0.11611175 0.11268044 0.16448501 0.11799892 0.12489057\n",
      " 0.11060631 0.11959934]\n",
      "[0.13806352 0.1124449  0.1133262  0.15951157 0.115951   0.12077048\n",
      " 0.10847076 0.13146157]\n",
      "[0.141973   0.1166812  0.11646295 0.14634422 0.12042433 0.12613621\n",
      " 0.11025779 0.1217203 ]\n",
      "[0.13816944 0.11427895 0.11104082 0.16630584 0.1162422  0.12234253\n",
      " 0.10950194 0.12211829]\n",
      "[0.13523662 0.1091994  0.11348167 0.16204224 0.11051796 0.12127542\n",
      " 0.10494811 0.14329858]\n",
      "[0.11687664 0.114421   0.12331396 0.16764008 0.1137713  0.13599198\n",
      " 0.10293799 0.12504705]\n",
      "[0.11776097 0.11938866 0.13432767 0.16561946 0.11705623 0.13379939\n",
      " 0.09551136 0.11653625]\n",
      "[0.11656062 0.12066578 0.11474065 0.17245192 0.12348355 0.12566127\n",
      " 0.10784465 0.11859156]\n",
      "[0.11167384 0.11139151 0.11241867 0.19363266 0.11367053 0.1468455\n",
      " 0.1016918  0.10867547]\n",
      "[0.13005176 0.11568208 0.11044932 0.16664936 0.11583251 0.14109522\n",
      " 0.10232465 0.11791511]\n",
      "[0.14893135 0.10460564 0.12392301 0.1723769  0.10634697 0.10886727\n",
      " 0.10390863 0.13104023]\n",
      "[0.12188128 0.11531664 0.12968297 0.16955891 0.12069512 0.11760915\n",
      " 0.10626501 0.11899093]\n",
      "[0.13150482 0.11333661 0.11205259 0.16505871 0.11644852 0.12436074\n",
      " 0.10844798 0.12879002]\n",
      "[0.12921715 0.11504609 0.11335424 0.17082163 0.11712186 0.12264984\n",
      " 0.11170702 0.12008217]\n",
      "[0.14029389 0.11196076 0.11414565 0.15772345 0.11516621 0.12055049\n",
      " 0.10822558 0.13193397]\n",
      "[0.13289446 0.11612958 0.11475241 0.15328755 0.11984624 0.12997853\n",
      " 0.11054605 0.12256519]\n",
      "[0.14617174 0.11298664 0.11018074 0.16760805 0.11362827 0.11424293\n",
      " 0.10570796 0.12947367]\n",
      "[0.11939977 0.11326404 0.12230375 0.16500808 0.11326554 0.13524079\n",
      " 0.10233376 0.12918426]\n",
      "[0.11731088 0.12197018 0.13026392 0.16003499 0.12233325 0.1280614\n",
      " 0.09617462 0.12385075]\n",
      "[0.11602138 0.11816499 0.11548787 0.17906483 0.120457   0.12892792\n",
      " 0.10704052 0.1148355 ]\n",
      "[0.11788724 0.11138259 0.11029624 0.18230657 0.112943   0.15196712\n",
      " 0.10259009 0.11062714]\n",
      "[0.14936922 0.10341858 0.12622961 0.16946729 0.10531642 0.11363405\n",
      " 0.10565385 0.12691097]\n",
      "[0.12388334 0.11481606 0.1228572  0.16597594 0.12190633 0.12127418\n",
      " 0.10704763 0.12223932]\n",
      "[0.12636635 0.1140014  0.11228486 0.1776013  0.11516485 0.1217187\n",
      " 0.11058498 0.12227755]\n",
      "[0.14159849 0.11415995 0.11320813 0.15665883 0.11617126 0.12267905\n",
      " 0.10916554 0.12635876]\n",
      "[0.13462399 0.11560736 0.11509574 0.15286905 0.11918997 0.12917306\n",
      " 0.11022147 0.12321936]\n",
      "[0.14462761 0.11219298 0.11168484 0.16452764 0.11326165 0.11648398\n",
      " 0.1055288  0.13169249]\n",
      "[0.11675298 0.11538543 0.12816699 0.16467747 0.11449325 0.13702023\n",
      " 0.10112486 0.12237878]\n",
      "[0.11750869 0.12054687 0.11525389 0.1715507  0.12303454 0.12674371\n",
      " 0.10572884 0.11963277]\n",
      "[0.11364105 0.11241208 0.11299673 0.18531735 0.11447643 0.14529266\n",
      " 0.10268709 0.11317661]\n",
      "[0.14826875 0.10469428 0.13398708 0.16431874 0.10697958 0.1120717\n",
      " 0.10507095 0.12460893]\n",
      "[0.12826179 0.11397289 0.11621173 0.17176059 0.11778967 0.11987451\n",
      " 0.10639538 0.12573345]\n",
      "[0.12995502 0.11506009 0.11395942 0.16428002 0.11666787 0.12481543\n",
      " 0.1117752  0.12348694]\n",
      "[0.1422977  0.115509   0.11500661 0.15030848 0.12012714 0.12418323\n",
      " 0.10940916 0.12315868]\n",
      "[0.13695779 0.11459728 0.11101241 0.16507556 0.11626123 0.12103482\n",
      " 0.10814088 0.12692002]\n",
      "[0.11900926 0.11421076 0.12675741 0.16318538 0.11389139 0.13600431\n",
      " 0.10098577 0.12595573]\n",
      "[0.11711356 0.1195856  0.11548531 0.17505849 0.12193302 0.12629741\n",
      " 0.1050296  0.119497  ]\n",
      "[0.14252802 0.11130206 0.13217816 0.15740237 0.11368365 0.11015949\n",
      " 0.10498517 0.12776109]\n",
      "[0.1252755  0.11264511 0.11360325 0.17791923 0.11551823 0.12263963\n",
      " 0.10875576 0.12364328]\n",
      "[0.13579586 0.11455563 0.11292908 0.16203055 0.11709508 0.12331189\n",
      " 0.10977883 0.12450307]\n",
      "[0.1395512  0.1151477  0.11368658 0.15641408 0.11782583 0.12548354\n",
      " 0.10947055 0.1224205 ]\n",
      "[0.12344682 0.11242171 0.11862924 0.16430739 0.11259193 0.1319555\n",
      " 0.10394509 0.13270232]\n",
      "[0.1164358  0.12183155 0.11932901 0.16981923 0.12364158 0.12798391\n",
      " 0.10340737 0.11755156]\n",
      "[0.13940506 0.11082885 0.13207566 0.15774438 0.11470687 0.1140772\n",
      " 0.10611091 0.12505107]\n",
      "[0.12469816 0.11345747 0.11250291 0.17838636 0.11647162 0.12240782\n",
      " 0.10930412 0.12277153]\n",
      "[0.14574266 0.11206853 0.1107355  0.16812867 0.11491934 0.11938216\n",
      " 0.10590906 0.12311408]\n",
      "[0.13546645 0.11613202 0.11419107 0.15130949 0.11790483 0.12664193\n",
      " 0.10964881 0.1287054 ]\n",
      "[0.11723565 0.11642477 0.12596022 0.16677791 0.11600652 0.13236307\n",
      " 0.09976934 0.12546253]\n",
      "[0.12779359 0.1122814  0.12800769 0.17294413 0.11680605 0.11457842\n",
      " 0.10572128 0.12186744]\n",
      "[0.13071027 0.11409573 0.1126683  0.16879193 0.11656653 0.1238062\n",
      " 0.11025587 0.12310518]\n",
      "[0.13545668 0.1144342  0.11464686 0.15565297 0.11804875 0.12620034\n",
      " 0.10964599 0.12591422]\n",
      "[0.13128519 0.11372993 0.11602903 0.16505823 0.11402631 0.12581423\n",
      " 0.10491023 0.12914686]\n",
      "[0.11621428 0.12039352 0.11972473 0.17289047 0.12213793 0.12831088\n",
      " 0.10293845 0.11738974]\n",
      "['000939.CSI', '950224CNY01.CSI', '487009.CNI', 'L01631.CSI', 'h20470.CSI']\n",
      "[0.18059055 0.18173578 0.26169972 0.19996868 0.17600527]\n",
      "[0.18750105 0.19269368 0.19876319 0.23911183 0.18193026]\n",
      "[0.17905614 0.19861186 0.22056448 0.223168   0.17859952]\n",
      "[0.17815691 0.20087021 0.1972735  0.24602631 0.17767308]\n",
      "[0.18109627 0.19551228 0.19669566 0.23170279 0.194993  ]\n",
      "[0.18236624 0.19560699 0.19187346 0.21694237 0.21321095]\n",
      "[0.18424304 0.18520082 0.18701763 0.24734441 0.19619409]\n",
      "[0.18597375 0.18927717 0.20435706 0.22371877 0.19667325]\n",
      "[0.19137251 0.20025249 0.19292627 0.20035247 0.21509627]\n",
      "[0.19933841 0.18729044 0.19326831 0.2006418  0.21946105]\n",
      "[0.20276604 0.19928586 0.19690038 0.20006148 0.20098623]\n",
      "[0.1866417  0.18854732 0.22506449 0.21641969 0.18332679]\n",
      "[0.18076017 0.19995939 0.21909828 0.22359477 0.17658739]\n",
      "[0.17888462 0.19734261 0.19941756 0.24651207 0.17784313]\n",
      "[0.18751824 0.19784433 0.18934121 0.23002272 0.19527351]\n",
      "[0.16408974 0.1940504  0.1931268  0.22963048 0.21910258]\n",
      "[0.18878755 0.18641484 0.1985265  0.23148306 0.19478804]\n",
      "[0.19291514 0.1960784  0.19271041 0.20042602 0.21787002]\n",
      "[0.20276562 0.20157116 0.19534946 0.19997584 0.20033792]\n",
      "[0.18632684 0.18955786 0.22381485 0.2177087  0.18259174]\n",
      "[0.18029839 0.20102489 0.21798729 0.22323925 0.17745018]\n",
      "[0.18095165 0.19420208 0.19520305 0.24500929 0.18463394]\n",
      "[0.17704016 0.19419535 0.18797818 0.2272222  0.21356412]\n",
      "[0.18794669 0.18491843 0.19677262 0.2338038  0.19655846]\n",
      "[0.19727753 0.19767491 0.19230108 0.19984609 0.21290039]\n",
      "[0.1868488  0.1886986  0.22090726 0.22224015 0.18130519]\n",
      "[0.17868902 0.20056568 0.21060065 0.23178148 0.17836317]\n",
      "[0.18150711 0.19615211 0.19247332 0.22385478 0.20601268]\n",
      "[0.18516302 0.18674024 0.19515993 0.23631371 0.19662311]\n",
      "[0.1942454  0.19579601 0.19319791 0.20042044 0.21634024]\n",
      "[0.18270197 0.19080484 0.22060699 0.22806296 0.17782324]\n",
      "[0.17887631 0.19593653 0.19933559 0.24604764 0.17980392]\n",
      "[0.18243367 0.1902068  0.18945825 0.23355939 0.20434189]\n",
      "[0.17833864 0.18236105 0.18991205 0.25578413 0.19360412]\n",
      "[0.18240302 0.19172311 0.22065073 0.22643643 0.1787867 ]\n",
      "[0.18376383 0.19684124 0.19470211 0.23836243 0.18633039]\n",
      "[0.18266362 0.18699077 0.19575604 0.23370948 0.20088009]\n",
      "[0.18246723 0.19084402 0.22026851 0.22770874 0.17871151]\n",
      "[0.18057605 0.19734084 0.19481221 0.23305156 0.19421934]\n",
      "[0.18119115 0.18453691 0.18846001 0.25148173 0.19433021]\n",
      "[0.18177242 0.19292495 0.22002806 0.22671335 0.17856122]\n",
      "[0.17934526 0.19416348 0.19146292 0.23633685 0.19869148]\n",
      "['921347.CSI', 'h21049.CSI', '489006.CNI', 'h30324.CSI', 'h30084.CSI', '704843.CSI', '930721.CSI']\n",
      "[0.14181723 0.1577182  0.15827303 0.20742277 0.         0.18525627\n",
      " 0.14951249]\n",
      "[0.13652925 0.15341742 0.16522917 0.23050346 0.         0.16893591\n",
      " 0.1453848 ]\n",
      "[1.25820085e-01 1.86435644e-01 1.39045171e-01 2.30439659e-01\n",
      " 4.06901075e-16 1.70034906e-01 1.48224536e-01]\n",
      "[0.14420983 0.16535646 0.1599403  0.20191638 0.         0.17262874\n",
      " 0.1559483 ]\n",
      "[1.39013367e-01 1.71059562e-01 1.44018096e-01 2.50887226e-01\n",
      " 2.94496415e-16 1.56054966e-01 1.38966783e-01]\n",
      "[1.35498446e-01 1.81378380e-01 1.45072595e-01 2.38996193e-01\n",
      " 9.35124374e-17 1.56061440e-01 1.42992946e-01]\n",
      "[0.12299629 0.15196568 0.13801948 0.33281487 0.         0.13122599\n",
      " 0.1229777 ]\n",
      "[1.31057483e-01 1.72697718e-01 1.56385021e-01 2.42167769e-01\n",
      " 1.12041453e-15 1.58756372e-01 1.38935638e-01]\n",
      "[0.13605716 0.16963135 0.14569746 0.2633186  0.         0.14564012\n",
      " 0.1396553 ]\n",
      "[1.45687732e-01 1.72376574e-01 1.54864268e-01 1.93114529e-01\n",
      " 6.18049448e-16 1.75201160e-01 1.58755736e-01]\n",
      "[0.14150398 0.16909667 0.14783896 0.26486799 0.         0.13867301\n",
      " 0.13801939]\n",
      "[1.41009584e-01 1.65595581e-01 1.46366624e-01 2.64140538e-01\n",
      " 6.05072904e-16 1.39002814e-01 1.43884860e-01]\n",
      "[0.12918729 0.18449445 0.1317928  0.27703481 0.         0.13366714\n",
      " 0.1438235 ]\n",
      "[1.20872115e-01 1.66329981e-01 1.28383707e-01 2.80528701e-01\n",
      " 4.75890215e-16 1.34045308e-01 1.69840188e-01]\n",
      "[0.13354112 0.17860444 0.14220106 0.24665367 0.         0.1466668\n",
      " 0.15233291]\n",
      "[0.13265158 0.16338361 0.13632168 0.26993192 0.         0.15247871\n",
      " 0.14523252]\n",
      "[1.54338410e-01 1.80558778e-01 1.44157383e-01 2.01761798e-01\n",
      " 2.42576684e-16 1.53709823e-01 1.65473808e-01]\n",
      "[1.60193321e-01 1.85625724e-01 1.34123845e-01 1.80376856e-01\n",
      " 8.84938010e-15 1.57137744e-01 1.82542509e-01]\n",
      "[0.14873168 0.17255936 0.14484596 0.18781716 0.         0.16811745\n",
      " 0.1779284 ]\n",
      "[1.38581505e-01 1.52495998e-01 1.68243010e-01 2.18304301e-01\n",
      " 2.44921271e-16 1.79624909e-01 1.42750276e-01]\n",
      "[1.29853641e-01 1.68856580e-01 1.50330372e-01 2.29380068e-01\n",
      " 3.66866910e-17 1.76720907e-01 1.44858431e-01]\n",
      "[1.43709750e-01 1.67877365e-01 1.56919094e-01 2.02708494e-01\n",
      " 1.01463434e-14 1.70726734e-01 1.58058565e-01]\n",
      "[0.13475161 0.17159736 0.14369258 0.26234701 0.         0.15117062\n",
      " 0.13644083]\n",
      "[0.13508319 0.17559205 0.14469468 0.25173701 0.         0.15099964\n",
      " 0.14189344]\n",
      "[1.27402646e-01 1.61468509e-01 1.48497688e-01 2.83616637e-01\n",
      " 2.18036445e-16 1.48064219e-01 1.30950302e-01]\n",
      "[0.13603013 0.17440345 0.14656791 0.24470122 0.         0.15444209\n",
      " 0.1438552 ]\n",
      "[1.48454164e-01 1.67121399e-01 1.54918499e-01 2.11584296e-01\n",
      " 6.57677038e-16 1.65626738e-01 1.52294903e-01]\n",
      "[0.14190688 0.17461891 0.1503308  0.24967726 0.         0.13897948\n",
      " 0.14448666]\n",
      "[1.24431713e-01 1.76688641e-01 1.27451437e-01 2.91627342e-01\n",
      " 2.04103769e-15 1.30256701e-01 1.49544165e-01]\n",
      "[0.13085767 0.15830322 0.14280059 0.26398661 0.         0.14458677\n",
      " 0.15946513]\n",
      "[0.13326955 0.17177733 0.13563004 0.26023164 0.         0.15108198\n",
      " 0.14800946]\n",
      "[1.58966015e-01 1.81088029e-01 1.41590672e-01 1.91612933e-01\n",
      " 1.77267055e-17 1.55754137e-01 1.70988214e-01]\n",
      "[1.51257965e-01 1.72975048e-01 1.43649766e-01 1.91697741e-01\n",
      " 7.56014175e-15 1.65601150e-01 1.74818329e-01]\n",
      "[0.13571927 0.15640071 0.1646049  0.22901852 0.         0.1707356\n",
      " 0.143521  ]\n",
      "[0.13918497 0.17016043 0.15199764 0.2052706  0.         0.17384419\n",
      " 0.15954217]\n",
      "[1.41101863e-01 1.71314820e-01 1.50480699e-01 2.31459703e-01\n",
      " 2.45151664e-16 1.62679372e-01 1.42963543e-01]\n",
      "[0.13279925 0.17574162 0.14414164 0.25958468 0.         0.14882654\n",
      " 0.13890627]\n",
      "[1.30494528e-01 1.62871126e-01 1.52533365e-01 2.67237133e-01\n",
      " 1.49992594e-16 1.51229526e-01 1.35634322e-01]\n",
      "[0.14342594 0.17199702 0.15237853 0.21120444 0.         0.16826496\n",
      " 0.1527291 ]\n",
      "[0.14282538 0.16815113 0.15032371 0.26518261 0.         0.13605228\n",
      " 0.1374649 ]\n",
      "[1.26397498e-01 1.80872821e-01 1.28659800e-01 2.79411469e-01\n",
      " 3.11718514e-16 1.34363413e-01 1.50295000e-01]\n",
      "[0.13139741 0.17223191 0.14434076 0.24598755 0.         0.14596805\n",
      " 0.16007432]\n",
      "[0.13577148 0.16667268 0.14398979 0.25029026 0.         0.15268069\n",
      " 0.15059512]\n",
      "[1.61940555e-01 1.86832973e-01 1.30491758e-01 1.90969637e-01\n",
      " 3.19072568e-15 1.57201145e-01 1.72563931e-01]\n",
      "[0.13971191 0.15377748 0.1643758  0.22061001 0.         0.1741916\n",
      " 0.1473332 ]\n",
      "[1.38633668e-01 1.72209927e-01 1.53298577e-01 2.09899112e-01\n",
      " 2.43756296e-14 1.71747292e-01 1.54211424e-01]\n",
      "[0.13720097 0.17746141 0.14468331 0.24326239 0.         0.15615997\n",
      " 0.14123196]\n",
      "[0.12770811 0.16160316 0.1466198  0.29016697 0.         0.14286528\n",
      " 0.13103669]\n",
      "[1.43565744e-01 1.71514791e-01 1.53775759e-01 2.09687327e-01\n",
      " 1.06685494e-16 1.68092727e-01 1.53363652e-01]\n",
      "[1.42213865e-01 1.69764125e-01 1.48487491e-01 2.61207458e-01\n",
      " 2.02263336e-15 1.38437711e-01 1.39889350e-01]\n",
      "[1.25554106e-01 1.75801422e-01 1.30387304e-01 2.80554657e-01\n",
      " 5.32478792e-17 1.33547908e-01 1.54154603e-01]\n",
      "[1.33199976e-01 1.67733497e-01 1.36911127e-01 2.63434388e-01\n",
      " 1.46372714e-15 1.50435050e-01 1.48285963e-01]\n",
      "[0.15623713 0.18349672 0.14075269 0.19150961 0.         0.15566348\n",
      " 0.17234037]\n",
      "[0.13730336 0.15461481 0.16561681 0.21683294 0.         0.1794063\n",
      " 0.14622577]\n",
      "[0.14159777 0.17208013 0.15170803 0.22306567 0.         0.16295775\n",
      " 0.14859065]\n",
      "[0.13157095 0.17043225 0.14303903 0.27007353 0.         0.14839224\n",
      " 0.136492  ]\n",
      "[0.13496006 0.17362843 0.14940243 0.24332512 0.         0.15623041\n",
      " 0.14245355]\n",
      "[1.45800553e-01 1.69415190e-01 1.54263033e-01 2.26882813e-01\n",
      " 5.88884410e-16 1.56161542e-01 1.47476869e-01]\n",
      "[0.12666397 0.17851336 0.13114275 0.27374573 0.         0.13626396\n",
      " 0.15367024]\n",
